!000000000000  28.0
136          
108          
121          
63          
157          
79          
251          
219          
108          
155          
88          
60          
3          
53          
175          
229          
123          
118          
58          
27          
1          
228          
98          
99          
115          
195          
22          
82          
17          
168          
75          
51          
201          
115          
836          
197          
67          
21          
118          
52          
133          
169          
123          
194          
161          
236          
57          
76          
51          
48          
194          
229          
89          
223          
206          
69          
182          
68          
83          
6          
66          
67          
184          
253          
162          
161          
212          
241          
18          
228          
56          
115          
5          
178          
213          
247          
122          
167          
44          
50          
142          
31          
5          
124          
254          
255          
191          
192          
5          
135          
1833          
229          
111          
4          
154          
25          
129          
12          
251          
19          
217          
206          
18          
42          
35          
87          
73          
175          
102          
95          
79          
55          
25          
225          
30          
221          
192          
26          
232          
185          
174          
254          
167          
87          
252          
25          
5          
96          
76          
230          
134          
162          
64          
176          
134          
114          
119          
126          
8          
33          
204          
84          
73          
47          
243          
23          
47          
45          
44          
2853          
94          
205          
75          
159          
149          
143          
115          
183          
166          
81          
99          
169          
238          
37          
102          
153          
152          
100          
64          
3          
35          
1          
102          
197          
2652          
184          
176          
50          
38          
180          
1075          
71          
153          
4065          
53          
127          
15          
86          
254          
56          
95          
49          
5          
81          
91          
182          
60          
44          
101          
54          
124          
38          
130          
88          
9          
6          
244          
72          
217          
6          
103          
209          
112          
138          
243          
148          
10          
58          
56          
132          
223          
148          
184          
132          
35          
143          
98          
110          
162          
126          
107          
148          
226          
66          
87          
47          
6          
244          
214          
203          
2223          
30          
70          
47          
132          
141          
13          
248          
131          
51          
152          
2          
175          
158          
101          
160          
3093          
3580          
2310          
618          
2952          
2745          
3016          
1457          
454          
4041          
2081          
478          
1646          
979          
3494          
2910          
1225          
3490          
1875          
1312          
3386          
926          
3023          
482          
1370          
2608          
1920          
619          
2722          
3733          
2352          
3123          
29          
2002          
358          
867          
669          
2991          
591          
405          
51          
3746          
985          
378          
721          
3074          
1531          
1777          
2659          
1349          
1845          
2376          
38          
4079          
1616          
1894          
2090          
3668          
947          
1736          
1935          
70          
421          
3850          
1879          
932          
4020          
2297          
1942          
2055          
549          
1253          
3017          
3790          
3550          
3689          
2843          
1212          
3651          
3000          
1280          
648          
3948          
985          
3041          
1764          
240          
3487          
2016          
294          
2580          
1554          
3501          
667          
474          
1806          
3244          
2401          
826          
3633          
2220          
2936          
112          
2890          
2099          
2001          
433          
968          
3569          
1177          
2204          
418          
2177          
2185          
573          
3050          
3493          
1790          
3709          
3164          
4005          
2967          
3409          
3115          
2121          
1180          
2046          
2643          
4070          
982          
220          
482          
3605          
4011          
1323          
675          
3329          
183          
1618          
2517          
731          
890          
3950          
3485          
3585          
1761          
1413          
2619          
3655          
3          
656          
3252          
1579          
3623          
1747          
1711          
1237          
1038          
4064          
2498          
629          
335          
3925          
3142          
3529          
2773          
3312          
559          
2877          
687          
3320          
350          
2463          
2504          
2293          
2250          
1269          
3403          
3979          
2098          
232          
2539          
934          
2621          
692          
1047          
4012          
2345          
1038          
3629          
617          
1179          
276          
43          
3044          
1761          
2196          
347          
3276          
458          
3263          
2585          
317          
2718          
1478          
1554          
2341          
545          
3397          
3204          
3322          
2150          
2120          
753          
1708          
3477          
75          
615          
914          
519          
2010          
707          
4036          
2106          
816          
1648          
3168          
2936          
3614          
2985          
3759          
1164          
797          
2803          
1230          
225          
2147          
972          
3758          
1639          
3857          
3644          
292          
659          
641          
3997          
2212          
3746          
1927          
1675          
3558          
1135          
1438          
1407          
616          
2525          
1096          
37          
1636          
124          
142          
1806          
508          
4013          
277          
3559          
1771          
1438          
3786          
1272          
2961          
859          
108          
3773          
458          
612          
3585          
3924          
898          
1769          
1855          
3338          
576          
1828          
183          
1029          
522          
3560          
238          
3073          
2291          
102          
3292          
3413          
2872          
369          
157          
1389          
176          
2772          
959          
3177          
3761          
3074          
944          
2994          
2049          
1991          
1302          
1247          
2554          
2928          
1882          
3330          
1838          
2038          
1083          
306          
3384          
1835          
120          
2405          
518          
332          
473          
3123          
1163          
2928          
803          
2019          
2395          
2832          
1261          
3397          
635          
2634          
4019          
479          
2014          
2551          
2406          
1782          
3141          
148          
920          
903          
954          
552          
3899          
3844          
945          
2867          
2092          
1089          
2430          
2047          
3549          
1274          
2909          
3852          
3312          
3422          
1106          
1926          
2967          
3375          
437          
3619          
885          
155          
2469          
3937          
3110          
655          
3504          
2562          
44          
1151          
1199          
2999          
980          
2377          
2132          
1974          
3320          
1520          
1635          
2455          
444          
3747          
3336          
626          
2704          
574          
2786          
1324          
1868          
1255          
2195          
1098          
545          
294          
1266          
2094          
1106          
829          
2382          
2597          
3374          
3454          
2479          
914          
2505          
1006          
474          
1099          
720          
3306          
3416          
997          
2334          
1000          
3180          
3335          
2887          
614          
1304          
773          
3952          
1401          
820          
3147          
1530          
2912          
2182          
3845          
470          
2294          
194          
1399          
2303          
2972          
1460          
2702          
2222          
983          
1862          
3014          
2252          
2798          
4057          
941          
2443          
2440          
3110          
2119          
1471          
3742          
2382          
1386          
241          
3954          
2910          
2396          
3548          
3299          
1396          
1724          
1347          
3389          
3148          
337          
1530          
2688          
981          
223          
3181          
3431          
2414          
3709          
1697          
2153          
1713          
2397          
2470          
2051          
952          
3021          
3224          
2214          
2058          
1262          
3403          
2991          
2935          
1545          
2364          
2275          
2494          
1399          
1120          
175          
3222          
824          
1412          
1325          
2049          
3592          
641          
2991          
685          
361          
62          
2433          
2311          
3648          
1894          
2710          
3168          
283          
2619          
1266          
3399          
744          
2592          
10          
2332          
267          
3510          
264          
943          
1951          
667          
3105          
3789          
1918          
3645          
1415          
3270          
2284          
3958          
2335          
821          
2570          
383          
3574          
2324          
1404          
1705          
1726          
338          
1071          
2153          
3083          
862          
1824          
3018          
1291          
265          
3794          
2459          
1286          
48          
1708          
2603          
2610          
1337          
3433          
2392          
84          
688          
3482          
3415          
240          
1893          
3027          
1859          
1782          
3747          
2794          
3355          
2383          
380          
2723          
1474          
96          
2506          
3853          
1458          
7          
1367          
2581          
3119          
1631          
1498          
3074          
1489          
2998          
3710          
597          
3314          
289          
3328          
1507          
3748          
3707          
997          
1966          
728          
1632          
1816          
1551          
3284          
401          
3872          
3214          
1836          
2677          
3345          
2219          
1069          
821          
3725          
2297          
2815          
3701          
1396          
1909          
2175          
3444          
1846          
2796          
325          
3208          
2556          
3515          
42          
662          
1157          
2747          
1966          
1766          
1882          
3110          
2513          
3946          
2641          
3422          
1648          
3312          
2055          
1759          
1601          
332          
3770          
1014          
1025          
1430          
48          
1315          
2061          
2186          
2593          
3606          
2220          
1162          
399          
46          
344          
663          
2735          
3717          
1065          
802          
1138          
3826          
761          
4078          
2001          
221          
1641          
2170          
440          
1759          
2615          
3208          
1222          
1082          
2116          
1985          
2533          
1727          
2608          
1414          
1126          
2756          
2317          
3087          
996          
3329          
3742          
2272          
3929          
1742          
1375          
3818          
1618          
1467          
999          
3140          
3730          
353          
342          
311          
1210          
1365          
1889          
1056          
2180          
1418          
2846          
1161          
3487          
2252          
3333          
2147          
2510          
426          
2766          
2961          
3938          
3018          
738          
2412          
2954          
2218          
2967          
2903          
1755          
2223          
2639          
3501          
681          
2665          
1302          
589          
2597          
973          
2663          
726          
1907          
845          
527          
3595          
3679          
2364          
1745          
190          
942          
3574          
2122          
953          
3572          
3531          
874          
1937          
3266          
3620          
332          
2961          
3472          
4047          
1625          
1967          
1936          
2769          
3892          
2417          
2438          
1013          
4041          
866          
2121          
3052          
2900          
1172          
3101          
639          
3869          
2286          
649          
414          
2547          
2812          
2269          
3968          
312          
813          
2444          
807          
592          
136          
2001          
2883          
2270          
18          
1845          
1921          
2145          
2679          
254          
3757          
1429          
3955          
1081          
2768          
435          
544          
2459          
631          
61          
4075          
3461          
2083          
3235          
4036          
3109          
2413          
1243          
2278          
1838          
763          
3096          
3333          
3774          
3844          
615          
4086          
981          
1495          
3810          
117          
1782          
3314          
1584          
4088          
2146          
1032          
395          
2366          
1722          
3864          
3828          
654          
2979          
3493          
3650          
482          
2836          
900          
2940          
1577          
346          
578          
3292          
2879          
1223          
3190          
1704          
2402          
659          
3629          
3992          
3358          
1055          
2477          
1869          
2325          
1820          
3515          
3460          
1751          
826          
859          
3723          
2548          
1272          
674          
1856          
973          
1151          
2601          
1324          
1139          
409          
2327          
3546          
1388          
201          
1443          
658          
2654          
3098          
2782          
1261          
3730          
811          
3569          
2020          
1447          
666          
490          
2197          
3033          
852          
529          
1395          
3517          
1232          
2857          
368          
2019          
3416          
3912          
3323          
3709          
1518          
1185          
3851          
524          
34          
2966          
1825          
1648          
1758          
3274          
1848          
1111          
599          
1935          
157          
3115          
3818          
2187          
620          
2026          
369          
1049          
546          
2132          
1013          
1658          
1448          
2498          
539          
2859          
2247          
677          
3750          
430          
851          
2853          
1661          
2560          
741          
1421          
3905          
2970          
249          
460          
2450          
2489          
1082          
960          
1525          
3362          
2195          
3610          
3849          
2296          
742          
3934          
877          
2294          
2664          
2000          
2338          
12          
3034          
3802          
3446          
1080          
1533          
140          
1574          
229          
3763          
1123          
3383          
880          
3298          
1818          
1449          
3917          
2363          
850          
2930          
3553          
2105          
3750          
3558          
3742          
1189          
3558          
3677          
1931          
91          
3814          
3966          
2849          
2889          
4064          
1743          
488          
3616          
3429          
182          
3577          
4092          
2213          
2743          
987          
3576          
1241          
2927          
910          
3509          
2375          
3130          
147          
3521          
3144          
1346          
2910          
3210          
2102          
452          
71          
3111          
2321          
1712          
3867          
301          
1432          
3974          
3768          
778          
1093          
2263          
1181          
2143          
3843          
1664          
2067          
2228          
3325          
2500          
2070          
416          
1121          
4012          
2024          
540          
1361          
4082          
252          
35          
2787          
1670          
1572          
1581          
2125          
2795          
2400          
1237          
2219          
1380          
760          
926          
3322          
3858          
972          
3215          
261          
3620          
464          
2617          
3823          
516          
317          
3397          
3293          
1043          
3134          
1678          
413          
1666          
3128          
3705          
2429          
609          
854          
2242          
705          
205          
714          
966          
2773          
1378          
2824          
3986          
1802          
1454          
1016          
2879          
3858          
3741          
2232          
3626          
3780          
2184          
588          
1781          
4065          
3949          
912          
599          
1494          
2527          
1659          
40          
3574          
838          
3144          
3622          
1798          
3275          
1168          
167          
1284          
3471          
591          
2961          
1358          
2442          
829          
684          
1255          
581          
3055          
3875          
2303          
1731          
3913          
3100          
602          
3067          
217          
938          
92          
1557          
379          
222          
1359          
3170          
3204          
1457          
2528          
200          
259          
611          
471          
2070          
2210          
4044          
2674          
1608          
2176          
168          
2046          
1968          
3107          
3010          
3707          
2483          
405          
3488          
1759          
2439          
656          
3432          
343          
1394          
884          
3088          
2943          
2871          
3541          
907          
949          
3945          
2951          
347          
3307          
250          
3496          
2855          
572          
1189          
1344          
328          
3888          
1577          
2897          
2587          
3115          
1876          
409          
252          
1522          
507          
2832          
711          
1706          
1248          
1137          
1363          
3940          
2740          
403          
3813          
71          
2072          
240          
968          
2809          
3842          
3236          
2289          
3824          
2518          
1994          
4052          
3586          
2611          
3406          
1419          
3477          
3198          
1288          
3521          
2237          
3727          
212          
1103          
2052          
3630          
255          
1692          
3054          
1737          
1324          
1917          
3939          
1891          
1913          
1390          
3858          
2630          
1759          
2723          
3331          
2452          
161          
4003          
2221          
628          
2141          
2656          
3481          
152          
1541          
1485          
3311          
4014          
3866          
3651          
2459          
693          
1181          
1094          
3548          
3611          
2155          
1678          
79          
152          
2015          
1038          
81          
3188          
2251          
1586          
136          
806          
1033          
1034          
3211          
856          
107          
2609          
3250          
277          
2921          
3023          
866          
2952          
445          
932          
35          
3561          
3297          
595          
1698          
1990          
1639          
2579          
3554          
2156          
241          
3841          
3154          
3118          
1745          
3833          
1586          
311          
3127          
808          
3267          
25          
1792          
3000          
176          
1960          
1540          
1658          
73          
569          
4010          
3021          
2401          
3455          
1742          
171          
1271          
1770          
3911          
3609          
385          
1705          
3779          
1765          
3498          
2917          
1898          
1263          
3599          
3702          
2989          
3189          
2364          
2057          
363          
4018          
173          
4090          
3728          
1534          
347          
3094          
3904          
346          
3483          
577          
1731          
644          
1387          
3726          
1268          
1057          
3395          
828          
1051          
3411          
1324          
3422          
1679          
623          
2991          
1770          
346          
859          
3926          
1376          
3618          
3544          
2902          
1588          
2608          
3174          
600          
1036          
3559          
1096          
2332          
2553          
2002          
2383          
1540          
3329          
2890          
85          
3783          
990          
2002          
2207          
3174          
3953          
292          
2239          
3724          
1184          
2472          
3917          
723          
4006          
3393          
3625          
2658          
2290          
3910          
2569          
1775          
1666          
3963          
3183          
3759          
2473          
1432          
970          
2749          
3692          
1702          
726          
171          
2113          
2232          
807          
1561          
416          
1201          
167          
2915          
474          
2562          
1978          
1489          
4030          
2240          
227          
1544          
1230          
1339          
2273          
2439          
1001          
1154          
1378          
3173          
2552          
3183          
1788          
1147          
2561          
746          
617          
601          
2882          
750          
2975          
824          
1732          
2105          
2254          
2453          
2887          
1381          
1693          
2250          
3592          
4083          
2807          
1397          
876          
3123          
1948          
156          
3230          
4004          
3465          
1133          
353          
3830          
49          
1064          
325          
3536          
2818          
3162          
2166          
3258          
3975          
3719          
1408          
1185          
3257          
4030          
3215          
2382          
1032          
2130          
3182          
3274          
2143          
2588          
2447          
3366          
3758          
2005          
3489          
3189          
416          
2955          
2199          
1538          
1590          
1004          
1703          
1730          
414          
3382          
3411          
3164          
3256          
814          
1658          
55          
1276          
1626          
3473          
1276          
1090          
1620          
2780          
2224          
3319          
1591          
590          
80          
1958          
1916          
3207          
1560          
82          
303          
3209          
225          
2870          
3029          
501          
3654          
234          
1739          
2696          
439          
1          
664          
1569          
2972          
1355          
389          
2244          
3376          
2540          
44          
2855          
985          
1112          
2531          
583          
540          
3779          
1166          
2640          
3514          
591          
1219          
2466          
1034          
2795          
673          
2132          
169          
615          
263          
999          
3882          
818          
732          
2405          
2126          
1273          
3161          
2735          
1733          
3196          
2721          
2308          
3625          
2820          
2504          
2219          
1932          
3244          
2509          
3116          
397          
394          
2909          
895          
561          
4071          
2121          
535          
3108          
594          
57          
1120          
2254          
3436          
2004          
492          
682          
1498          
1101          
3897          
1150          
2812          
850          
3443          
301          
1401          
2661          
975          
333          
2438          
1782          
450          
43          
3844          
445          
1109          
3991          
1628          
3473          
1823          
1138          
275          
3628          
128          
1696          
2680          
2774          
3202          
3895          
2181          
3536          
2318          
2894          
1279          
3769          
3329          
284          
403          
98          
2674          
2864          
2505          
3708          
3440          
1709          
3383          
177          
2880          
3912          
2038          
2610          
305          
3768          
1660          
909          
2121          
2726          
2132          
755          
171          
1895          
860          
2765          
3789          
3599          
3634          
1235          
2762          
3528          
1500          
2459          
3108          
604          
1245          
1774          
1167          
3689          
634          
2970          
1894          
1187          
659          
3020          
3170          
2171          
568          
1186          
3994          
315          
3583          
1335          
32          
3314          
1967          
765          
934          
2057          
135          
2240          
940          
3238          
1373          
1052          
3307          
1020          
1749          
1479          
2567          
817          
3897          
2957          
3452          
3553          
4092          
3228          
3162          
104          
3208          
732          
2443          
1721          
3633          
296          
2691          
1646          
3643          
154          
78          
2633          
2494          
1500          
1355          
3207          
3133          
1276          
1262          
558          
1506          
2370          
600          
1638          
2411          
2136          
1389          
565          
428          
1609          
1336          
4056          
2767          
1360          
681          
2005          
2579          
1178          
3127          
1742          
3192          
3760          
4021          
709          
2401          
1318          
2365          
212          
991          
1497          
629          
2870          
3450          
2696          
180          
729          
1033          
3197          
2052          
2394          
1136          
829          
2310          
589          
2673          
1593          
2977          
3609          
2856          
2123          
1902          
172          
556          
3139          
1948          
1622          
975          
3951          
2904          
2120          
3833          
3550          
1479          
1432          
709          
2877          
2356          
555          
1493          
786          
2598          
3543          
1821          
2951          
2444          
1429          
2321          
3525          
2980          
2052          
4059          
1577          
1348          
367          
2947          
1942          
2707          
1116          
117          
2338          
1680          
3913          
3031          
398          
3985          
3025          
135          
1410          
1992          
977          
428          
3442          
3599          
2480          
2411          
191          
2174          
836          
1314          
66          
3315          
2058          
2357          
1469          
1648          
2263          
1913          
2403          
2770          
945          
3380          
1206          
76          
1121          
2343          
1226          
315          
1494          
2694          
2905          
2146          
367          
355          
1896          
1730          
1559          
1770          
2071          
2916          
1857          
1053          
2735          
2493          
3424          
3312          
2947          
2455          
1441          
1749          
840          
891          
1363          
3939          
315          
3468          
2026          
2147          
1270          
1153          
1123          
389          
161          
1548          
1607          
2481          
2358          
1583          
2644          
2466          
216          
3878          
1767          
2093          
3317          
3400          
633          
1464          
1834          
2083          
1376          
1005          
3423          
1099          
1535          
1358          
648          
3273          
2321          
2590          
1018          
3806          
2196          
3895          
304          
590          
1798          
1185          
618          
2295          
94          
931          
2006          
166          
3889          
3724          
1768          
919          
1565          
1305          
865          
2737          
1789          
2221          
756          
3104          
3291          
962          
2341          
273          
473          
2483          
307          
2953          
403          
792          
2883          
4013          
1437          
3828          
1897          
1378          
2615          
1065          
3169          
468          
555          
3520          
2636          
3235          
2966          
2390          
3517          
2810          
2969          
3982          
3590          
3940          
3718          
3211          
3089          
1321          
1963          
3911          
1540          
1193          
1394          
958          
3513          
3030          
3182          
2396          
2394          
2848          
2912          
3202          
2246          
3243          
3042          
3018          
1481          
1307          
2485          
1063          
1454          
1096          
4070          
1418          
289          
2733          
3941          
3249          
1615          
2207          
3167          
476          
427          
509          
1315          
4030          
1851          
963          
1          
667          
2309          
1243          
3242          
1339          
2781          
1038          
3279          
1176          
509          
3867          
987          
1331          
1511          
2165          
2430          
1007          
1683          
2704          
579          
1020          
2338          
417          
3440          
1432          
277          
1901          
2000          
1623          
2125          
1098          
3151          
951          
1219          
67          
4081          
2625          
3367          
4061          
3667          
1167          
1513          
1583          
187          
2915          
3330          
3391          
3047          
1178          
2994          
303          
2556          
101          
207          
379          
2540          
1615          
700          
2296          
854          
2140          
237          
48          
1990          
2123          
1923          
82          
719          
2918          
876          
1220          
3077          
3869          
2928          
560          
2529          
560          
901          
2101          
1876          
2049          
2477          
761          
2715          
3352          
1015          
20          
51          
3125          
3644          
1716          
2350          
471          
1106          
2126          
1485          
1509          
3546          
3456          
2996          
3004          
2452          
3017          
2608          
3017          
3975          
2592          
2803          
3858          
146          
52          
622          
29          
2075          
821          
3568          
713          
2423          
3194          
1693          
97          
1611          
2519          
3877          
4045          
1269          
994          
1183          
2492          
351          
4070          
771          
532          
1233          
218          
2572          
3854          
1958          
1050          
3342          
2641          
2188          
1324          
458          
2771          
4022          
1644          
230          
2813          
418          
3817          
3521          
2200          
2961          
2685          
1818          
3023          
1754          
2307          
417          
925          
831          
2637          
2636          
3262          
864          
847          
2123          
35          
304          
719          
3101          
1817          
3270          
3253          
2048          
229          
3543          
1165          
1142          
2027          
1863          
2687          
967          
1344          
1492          
2575          
2114          
2358          
1854          
2789          
2350          
2489          
3041          
3821          
2574          
1525          
2301          
2686          
1661          
4069          
4005          
1129          
1578          
1843          
1047          
3791          
194          
3575          
3336          
3188          
3410          
1573          
2906          
1195          
1868          
2040          
1267          
1427          
2027          
1734          
3647          
92          
880          
239          
2925          
2897          
3264          
4055          
2871          
1824          
1124          
1348          
4033          
934          
1264          
274          
1009          
2399          
229          
3773          
1983          
1644          
1996          
2057          
1499          
493          
595          
3871          
3730          
1949          
1493          
2442          
1305          
3706          
2139          
1062          
2383          
621          
585          
171          
475          
2226          
1338          
315          
2840          
191          
871          
2833          
3901          
1591          
2281          
1474          
3326          
301          
2831          
1013          
2814          
2350          
3554          
467          
2699          
1583          
3901          
1267          
1376          
542          
2811          
3954          
2459          
2815          
1507          
3432          
1150          
330          
150          
829          
3295          
1468          
2659          
1055          
1574          
129          
2493          
4015          
2744          
3543          
1891          
3810          
767          
1623          
2446          
852          
3580          
3281          
718          
629          
2032          
921          
2963          
3936          
3032          
3088          
1978          
323          
2430          
2241          
762          
3588          
1857          
1451          
3962          
2858          
3939          
3506          
872          
371          
920          
1293          
2414          
1823          
504          
1025          
842          
2872          
887          
3160          
3712          
2297          
4022          
3493          
2269          
813          
1706          
2915          
1144          
2905          
297          
2002          
2546          
596          
1851          
2834          
3810          
547          
3229          
2858          
2501          
3716          
2887          
3841          
2273          
3334          
1557          
3650          
2384          
1730          
2644          
2789          
3093          
2105          
821          
2951          
3576          
1944          
434          
1138          
3084          
3557          
2393          
918          
1877          
1541          
2875          
4008          
1345          
2812          
2771          
2995          
1349          
2970          
405          
2591          
3220          
3576          
1995          
85          
3119          
3179          
756          
1767          
636          
3442          
988          
3100          
2665          
1320          
3751          
544          
1099          
1561          
3121          
122          
2850          
2963          
433          
3399          
2381          
3287          
714          
2273          
2043          
1034          
3004          
1688          
941          
2654          
1087          
2631          
1123          
2648          
2971          
1123          
1861          
2508          
3057          
1919          
3414          
2720          
3317          
1370          
1280          
2809          
1987          
3433          
1426          
2623          
1073          
2562          
3468          
2882          
1821          
270          
305          
1091          
2093          
128          
4          
1764          
1193          
3625          
3143          
2271          
2326          
476          
2273          
3178          
2004          
1520          
489          
2702          
1447          
863          
797          
1892          
3035          
866          
3475          
2864          
4070          
532          
219          
2654          
3401          
896          
956          
2736          
194          
3778          
3073          
2321          
2622          
1178          
3115          
2418          
1344          
762          
2297          
2249          
2198          
2674          
3441          
3767          
3110          
2316          
1300          
9          
3632          
3348          
2497          
2458          
1393          
293          
3113          
1399          
1357          
1779          
3091          
3678          
1967          
2736          
2404          
285          
2779          
3827          
3787          
2429          
901          
1371          
1704          
1849          
2498          
3830          
3147          
1686          
1392          
2287          
3135          
2621          
2470          
3700          
1481          
2900          
1070          
221          
339          
3161          
2714          
2809          
623          
1754          
423          
572          
735          
137          
1992          
1313          
637          
2221          
1635          
1504          
792          
2534          
310          
1073          
3503          
2442          
2717          
1298          
3563          
1238          
3758          
45          
1302          
784          
1065          
1374          
2023          
2357          
3121          
1237          
394          
561          
1509          
4043          
381          
1578          
1739          
657          
3367          
4014          
580          
2133          
98          
722          
1366          
1494          
1632          
179          
2109          
3053          
1702          
3174          
3423          
3883          
3824          
1815          
958          
3590          
1422          
2688          
2580          
3914          
2882          
3053          
3231          
1126          
2599          
385          
2788          
3630          
2930          
3807          
1497          
1357          
994          
3428          
562          
1506          
1004          
379          
1547          
490          
3251          
3570          
2721          
918          
3559          
1066          
2188          
3848          
2567          
344          
3416          
2841          
1730          
3944          
918          
3809          
3452          
1155          
334          
922          
1946          
1302          
2740          
285          
1268          
2529          
1959          
1941          
3303          
3605          
1019          
2926          
1244          
1725          
1850          
3142          
2780          
2177          
893          
1607          
2796          
4010          
1799          
3893          
1242          
2606          
3680          
118          
3532          
3530          
697          
2074          
248          
681          
2716          
1600          
2413          
4077          
3811          
1900          
3748          
298          
2958          
1981          
2019          
764          
3404          
3817          
2105          
3285          
2310          
1130          
3250          
963          
4087          
878          
2345          
1526          
394          
4058          
1947          
941          
3598          
828          
2363          
1510          
496          
1443          
2512          
1507          
457          
1938          
3163          
638          
3615          
1046          
3650          
3152          
3827          
3639          
3715          
3023          
2252          
2034          
1331          
2210          
2247          
2172          
1128          
2489          
3272          
1184          
1577          
1743          
1412          
203          
995          
1029          
45          
1808          
511          
1502          
971          
436          
3969          
495          
3609          
3354          
2177          
220          
1373          
27          
2764          
1626          
1789          
2657          
2325          
92          
3052          
453          
58          
740          
2814          
3290          
2974          
2384          
1321          
1676          
1240          
2007          
1811          
757          
1598          
713          
914          
1528          
2783          
743          
4079          
720          
1349          
3212          
4056          
1984          
3117          
2251          
656          
1064          
1871          
2662          
2022          
1432          
310          
1973          
876          
2791          
875          
1439          
895          
641          
1411          
1102          
1416          
1448          
1072          
3802          
169          
4074          
961          
3264          
1246          
2190          
4011          
3811          
1406          
1306          
298          
2800          
270          
2469          
2897          
636          
2741          
3968          
3849          
2865          
1396          
1982          
1653          
2216          
2394          
3212          
493          
1494          
3738          
826          
3034          
3698          
3225          
3719          
3619          
1609          
4085          
2156          
183          
1164          
553          
3931          
1741          
718          
2775          
1361          
2315          
2094          
702          
1078          
3973          
309          
3694          
1448          
3983          
3388          
1243          
2283          
465          
136          
864          
638          
1920          
2932          
987          
1337          
3011          
789          
1432          
3121          
3205          
3544          
3094          
88          
2050          
3159          
388          
876          
2613          
1064          
3113          
2237          
3914          
2172          
3535          
1606          
3446          
1660          
1841          
684          
4060          
3600          
2669          
2012          
130          
2611          
1429          
1283          
2622          
2350          
1905          
554          
2222          
3400          
439          
3858          
445          
1392          
3747          
2258          
1712          
598          
2690          
2147          
1578          
3159          
1061          
3345          
3490          
479          
2596          
788          
3006          
1153          
3907          
434          
487          
83          
3295          
1746          
1268          
2102          
1268          
920          
3532          
3241          
2383          
171          
249          
1042          
3819          
3093          
2182          
3170          
1285          
2849          
1867          
137          
3991          
3595          
1964          
3420          
733          
1720          
3630          
3454          
3384          
898          
3253          
884          
1454          
2983          
4033          
2808          
3479          
2792          
426          
515          
1115          
1037          
2069          
2199          
1900          
240          
320          
1474          
579          
3904          
405          
275          
2249          
2228          
2719          
2500          
3558          
2926          
2353          
1698          
1752          
3749          
1446          
2037          
3162          
2899          
1837          
1345          
153          
1606          
680          
227          
995          
548          
3889          
1061          
2692          
3973          
2255          
91          
3205          
2842          
1549          
3240          
3211          
3438          
114          
2327          
4034          
1937          
3538          
3998          
2039          
1625          
1844          
1829          
1034          
1090          
3868          
3056          
3770          
1359          
3299          
2755          
1698          
477          
2286          
2696          
3442          
3320          
692          
2833          
4000          
2742          
3877          
1237          
3293          
1294          
1972          
413          
1344          
3203          
646          
331          
2000          
1180          
338          
2537          
2158          
2062          
179          
3947          
681          
517          
1183          
3224          
348          
1114          
3570          
2100          
758          
3331          
3534          
925          
721          
4055          
1774          
879          
207          
3995          
1864          
2471          
293          
1507          
554          
3156          
3795          
1468          
3836          
2441          
683          
2865          
3270          
496          
3646          
1013          
456          
2080          
332          
3482          
298          
4000          
153          
3955          
3848          
3200          
4031          
2764          
1159          
3652          
3765          
1787          
1546          
949          
875          
2075          
3150          
3008          
3539          
1581          
3223          
655          
3882          
4070          
1459          
188          
127          
147          
1975          
69          
252          
3192          
3036          
2855          
437          
2769          
1433          
2318          
2966          
2265          
1561          
145          
1898          
235          
2517          
3173          
1202          
2617          
830          
2155          
167          
138          
1179          
1773          
725          
269          
527          
2903          
4039          
3406          
3134          
2054          
3229          
3581          
2155          
753          
1136          
325          
3152          
2826          
1662          
2013          
2492          
144          
3233          
2501          
2704          
4083          
1409          
1082          
4002          
2757          
479          
1534          
2454          
2087          
3579          
1607          
3443          
1722          
2505          
3113          
563          
1096          
3553          
2695          
1753          
1413          
2447          
310          
666          
2407          
2451          
3689          
550          
1128          
1330          
726          
1415          
731          
921          
2037          
44          
1179          
1696          
3476          
2857          
2037          
1231          
2600          
2077          
3476          
2751          
2451          
3377          
3375          
2202          
3206          
2943          
3611          
476          
396          
1027          
350          
3925          
2335          
478          
1153          
2031          
3002          
165          
3128          
3989          
1398          
893          
3407          
1079          
2953          
556          
2112          
3835          
4039          
723          
626          
902          
176          
682          
3119          
1978          
2032          
2582          
501          
2396          
966          
1734          
720          
1401          
1092          
1982          
201          
2742          
3405          
3560          
3339          
4008          
688          
238          
1395          
3927          
2433          
1336          
765          
362          
1855          
39          
78          
2685          
412          
3319          
3177          
1224          
2668          
2963          
3162          
392          
755          
1860          
561          
1608          
2443          
2708          
3108          
582          
1111          
1789          
1494          
3615          
1514          
703          
1250          
811          
2389          
802          
3288          
1191          
3278          
2425          
2566          
3471          
3512          
2746          
2642          
4057          
3410          
630          
3330          
2140          
1410          
1277          
3452          
1890          
3462          
351          
4086          
1620          
1958          
1059          
2354          
645          
1935          
2561          
3306          
4008          
2021          
2180          
1786          
1216          
1781          
72          
1126          
626          
2248          
3413          
2136          
611          
494          
603          
3275          
2633          
2073          
456          
258          
832          
1313          
925          
2948          
3080          
1170          
17          
1904          
3888          
644          
1493          
1652          
3140          
3081          
2291          
2962          
1578          
3785          
4051          
2377          
1059          
1106          
3491          
1759          
530          
1300          
1964          
631          
3731          
347          
1556          
2871          
1239          
2267          
1129          
1545          
2128          
3237          
2618          
1413          
3968          
1165          
3604          
252          
1218          
936          
1810          
1380          
4046          
254          
3936          
3082          
1159          
3767          
3424          
2210          
311          
2465          
3670          
4058          
3060          
2196          
2853          
2          
2472          
1525          
2116          
3945          
2127          
2881          
3199          
255          
2724          
1533          
2412          
342          
3592          
1680          
2360          
3092          
1909          
634          
2564          
508          
2129          
1333          
2815          
3843          
970          
4084          
213          
3173          
1455          
1660          
452          
199          
902          
2167          
1640          
2686          
2436          
308          
3563          
4021          
2010          
961          
3607          
402          
2271          
1589          
2222          
2780          
3117          
2936          
3279          
3767          
3578          
2456          
962          
262          
372          
3976          
958          
1153          
2756          
38          
3007          
1662          
1641          
484          
3208          
1141          
56          
3257          
628          
3315          
2394          
1566          
1166          
3375          
3240          
2472          
3778          
628          
2796          
1015          
3798          
3927          
346          
3254          
2190          
3284          
1030          
2235          
973          
3575          
2699          
995          
408          
1697          
613          
3247          
1213          
2397          
738          
1171          
2199          
1313          
450          
3845          
3607          
2653          
598          
967          
2673          
7          
1246          
1183          
157          
1188          
2443          
1970          
2379          
3964          
134          
2058          
2165          
966          
1526          
1812          
602          
2718          
3231          
2566          
3979          
796          
2189          
1098          
1243          
1401          
3739          
3414          
474          
1586          
1180          
3839          
2574          
2672          
1607          
1813          
3262          
2348          
662          
1827          
2931          
1663          
1942          
2000          
1538          
2976          
389          
882          
1826          
3720          
1937          
3426          
427          
2848          
3720          
1903          
1174          
3405          
2967          
136          
3303          
1518          
206          
2519          
2107          
3305          
1657          
3079          
3426          
998          
1498          
2838          
2954          
1936          
2513          
3703          
3035          
190          
4074          
2719          
3655          
2726          
2945          
313          
1606          
3492          
3291          
3740          
2001          
436          
2004          
2290          
1513          
3715          
3675          
2183          
1070          
125          
2372          
1558          
2299          
1851          
947          
261          
2944          
4077          
2470          
1980          
3206          
1142          
3577          
107          
2877          
3019          
3877          
2617          
60          
2318          
2861          
4043          
3222          
735          
1284          
2318          
1048          
112          
1342          
4095          
2303          
1488          
3137          
3869          
336          
2853          
1700          
1518          
3340          
215          
1016          
1958          
2909          
840          
3452          
3093          
1367          
4050          
1017          
541          
1539          
3706          
2667          
4076          
3272          
3619          
2565          
3689          
2237          
895          
338          
2253          
3399          
1554          
3992          
1390          
2451          
458          
94          
2786          
3777          
1669          
2203          
282          
3741          
2787          
3137          
247          
3525          
3902          
1315          
946          
3979          
