!4377            194.9821608949215
136          
108          
121          
63          
157          
79          
251          
219          
108          
155          
88          
60          
3          
53          
175          
229          
123          
118          
58          
27          
1          
228          
98          
99          
115          
195          
22          
82          
17          
168          
75          
51          
201          
115          
211          
197          
67          
21          
118          
52          
133          
169          
123          
194          
161          
236          
57          
76          
51          
48          
194          
229          
89          
223          
206          
69          
182          
68          
83          
6          
66          
67          
184          
253          
162          
161          
212          
241          
18          
228          
56          
115          
5          
178          
213          
247          
122          
167          
44          
50          
142          
31          
5          
124          
254          
255          
191          
192          
5          
135          
169          
229          
111          
4          
154          
25          
129          
12          
251          
19          
217          
206          
18          
42          
35          
87          
73          
175          
102          
95          
79          
55          
25          
225          
30          
221          
192          
26          
232          
185          
174          
254          
167          
87          
252          
25          
5          
96          
76          
230          
134          
162          
64          
176          
134          
114          
119          
126          
8          
33          
204          
84          
73          
47          
243          
23          
47          
45          
44          
39          
94          
205          
75          
159          
149          
143          
115          
183          
166          
81          
99          
169          
238          
37          
102          
153          
152          
100          
64          
3          
35          
1          
102          
197          
214          
184          
176          
50          
38          
180          
134          
71          
153          
189          
53          
127          
15          
86          
254          
56          
95          
49          
5          
81          
91          
182          
60          
44          
101          
54          
124          
38          
130          
88          
9          
6          
244          
72          
217          
6          
103          
209          
112          
138          
243          
148          
10          
58          
56          
132          
223          
148          
184          
132          
35          
143          
98          
110          
162          
126          
107          
148          
226          
66          
87          
47          
6          
244          
214          
203          
238          
30          
70          
47          
132          
141          
13          
248          
131          
51          
152          
2          
175          
158          
101          
160          
